6 4 7 14 13
9 2 19 17 10
19 15 11 4 18
16 7 15 6 20
4 13 9 20 18
19 9 14 3 8
20 4 7 12 13
3 15 17 2 16
4 14 6 17 5
11 20 19 5 1
14 17 19 13 6
1 7 8 16 10
12 9 14 15 1
12 4 7 20 18
13 19 10 20 16
3 4 14 8 10
13 5 4 1 15
9 3 19 20 6
2 4 19 12 7
10 15 5 2 13
14 9 7 4 13
6 5 15 2 4
3 4 15 17 7
2 5 6 15 18
4 16 15 9 20
18 11 3 17 19
15 1 2 13 10
20 11 16 4 14
3 15 5 4 1
9 10 1 8 18
17 14 2 16 6
15 1 16 20 5
4 8 20 19 18
1 15 4 13 3
9 5 3 10 11
10 2 4 14 15
2 16 8 9 5
19 7 10 14 8
13 19 11 8 15
2 15 5 19 17
12 1 11 14 6
17 15 16 8 4
8 2 18 11 9
20 18 11 19 4
12 18 15 14 7
10 3 20 7 13
12 9 6 11 1
14 1 13 11 5
15 1 10 14 9